<?xml version="1.0"?>
<opencv_storage>
<imageSize>
  640 480</imageSize>
<cameraMatrixL type_id="opencv-matrix">
  <rows>3</rows>
  <cols>3</cols>
  <dt>d</dt>
  <data>
    7.6417835385528394e+002 0. 3.4902238155490835e+002 0.
    7.5441329570582980e+002 2.5765919040574067e+002 0. 0. 1.</data></cameraMatrixL>
<cameraDistcoeffL type_id="opencv-matrix">
  <rows>1</rows>
  <cols>5</cols>
  <dt>d</dt>
  <data>
    -2.9856548735331145e-001 5.5072046326932123e+000
    2.4332104501476460e-003 1.2038600178187203e-002
    -3.0887191728289753e+001</data></cameraDistcoeffL>
<cameraMatrixR type_id="opencv-matrix">
  <rows>3</rows>
  <cols>3</cols>
  <dt>d</dt>
  <data>
    7.0884550779631104e+002 0. 3.2056773249315080e+002 0.
    7.0371543290641921e+002 2.8347492509732524e+002 0. 0. 1.</data></cameraMatrixR>
<cameraDistcoeffR type_id="opencv-matrix">
  <rows>1</rows>
  <cols>5</cols>
  <dt>d</dt>
  <data>
    3.3692543197242901e-002 8.9676243173154913e-001
    1.5408280832765029e-002 6.3817932993811347e-003
    -3.4747688165838015e+000</data></cameraDistcoeffR>
<R type_id="opencv-matrix">
  <rows>3</rows>
  <cols>3</cols>
  <dt>d</dt>
  <data>
    9.9879527940967550e-001 -3.3330000285521230e-002
    3.6015287169693877e-002 3.5380399025095252e-002
    9.9769643200015423e-001 -5.7879676389787950e-002
    -3.4003193876067012e-002 5.9084182782947005e-002
    9.9767371527523863e-001</data></R>
<T type_id="opencv-matrix">
  <rows>3</rows>
  <cols>1</cols>
  <dt>d</dt>
  <data>
    7.2081880134574050e+001 3.5119586591357219e+000
    -3.5325647948615206e+001</data></T>
<E type_id="opencv-matrix">
  <rows>3</rows>
  <cols>3</cols>
  <dt>d</dt>
  <data>
    1.1304177090707193e+000 3.5451774123769489e+001
    1.4591517718275564e+000 -3.2832076267997614e+001
    -3.0814951249960822e+000 -7.3186460513209795e+001
    -9.5744204858637616e-001 7.2032888205239047e+001
    -4.2985600953934968e+000</data></E>
<F type_id="opencv-matrix">
  <rows>3</rows>
  <cols>3</cols>
  <dt>d</dt>
  <data>
    -5.2591896728190472e-006 -1.6707183896327166e-004
    3.9695466964217704e-002 1.5386248604765167e-004
    1.4627876340406909e-005 2.0462522817252063e-001
    -3.8772725761928223e-002 -1.9121764761732971e-001 1.</data></F>
<R1 type_id="opencv-matrix">
  <rows>3</rows>
  <cols>3</cols>
  <dt>d</dt>
  <data>
    9.1252011057753835e-001 -1.2269002591369836e-002
    -4.0884779486621969e-001 1.8284793504382225e-003
    9.9966241143588574e-001 -2.5917558246384836e-002
    4.0902775511549638e-001 2.2902723366505763e-002
    9.1223448784157191e-001</data></R1>
<R2 type_id="opencv-matrix">
  <rows>3</rows>
  <cols>3</cols>
  <dt>d</dt>
  <data>
    8.9710493393031066e-001 4.3708563580582178e-002
    -4.3965020071372107e-001 -3.2425900217847942e-002
    9.9892441330739534e-001 3.3144795874134922e-002
    4.4062603022626251e-001 -1.5478306373699537e-002
    8.9755730932283484e-001</data></R2>
<P1 type_id="opencv-matrix">
  <rows>3</rows>
  <cols>4</cols>
  <dt>d</dt>
  <data>
    6.9109193293499516e+002 0. 1.6096348428130150e+003 0. 0.
    6.9109193293499516e+002 1.0173157434463501e+003 0. 0. 0. 1. 0.</data></P1>
<P2 type_id="opencv-matrix">
  <rows>3</rows>
  <cols>4</cols>
  <dt>d</dt>
  <data>
    6.9109193293499516e+002 0. 1.6096348428130150e+003
    5.5528850625696337e+004 0. 6.9109193293499516e+002
    1.0173157434463501e+003 0. 0. 0. 1. 0.</data></P2>
<Q type_id="opencv-matrix">
  <rows>4</rows>
  <cols>4</cols>
  <dt>d</dt>
  <data>
    1. 0. 0. -1.6096348428130150e+003 0. 1. 0. -1.0173157434463501e+003
    0. 0. 0. 6.9109193293499516e+002 0. 0. -1.2445637270496426e-002 0.</data></Q>
</opencv_storage>
