<?xml version="1.0"?>
<opencv_storage>
<cameraMatrix type_id="opencv-matrix">
  <rows>3</rows>
  <cols>3</cols>
  <dt>d</dt>
  <data>
    7.0884550779631104e+002 0. 3.2056773249315080e+002 0.
    7.0371543290641921e+002 2.8347492509732524e+002 0. 0. 1.</data></cameraMatrix>
<cameraDistcoeff type_id="opencv-matrix">
  <rows>1</rows>
  <cols>5</cols>
  <dt>d</dt>
  <data>
    3.3692543197242901e-002 8.9676243173154913e-001
    1.5408280832765029e-002 6.3817932993811347e-003
    -3.4747688165838015e+000</data></cameraDistcoeff>
<board_width>9</board_width>
<board_height>6</board_height>
<square_size>25.</square_size>
</opencv_storage>
