<?xml version="1.0"?>
<opencv_storage>
<imageSize>
  640 480</imageSize>
<cameraMatrixL type_id="opencv-matrix">
  <rows>3</rows>
  <cols>3</cols>
  <dt>d</dt>
  <data>
    5.3306100058023844e+002 0. 3.4196989835762469e+002 0.
    5.3327691393292366e+002 2.3497246712160441e+002 0. 0. 1.</data></cameraMatrixL>
<cameraDistcoeffL type_id="opencv-matrix">
  <rows>1</rows>
  <cols>5</cols>
  <dt>d</dt>
  <data>
    -2.8991708370832991e-001 9.3966229993716094e-002
    1.3694447404893940e-003 -2.4300263667391259e-004
    2.8906890332060751e-002</data></cameraDistcoeffL>
<cameraMatrixR type_id="opencv-matrix">
  <rows>3</rows>
  <cols>3</cols>
  <dt>d</dt>
  <data>
    5.3759605934296940e+002 0. 3.2679506122114498e+002 0.
    5.3729225869683739e+002 2.4896883325159018e+002 0. 0. 1.</data></cameraMatrixR>
<cameraDistcoeffR type_id="opencv-matrix">
  <rows>1</rows>
  <cols>5</cols>
  <dt>d</dt>
  <data>
    -3.0584081674868979e-001 1.9136190620507890e-001
    -8.9799612461339585e-004 1.1096883857783568e-004
    -1.2875020506027041e-001</data></cameraDistcoeffR>
<R type_id="opencv-matrix">
  <rows>3</rows>
  <cols>3</cols>
  <dt>d</dt>
  <data>
    9.9998334107805475e-001 3.7753292013660142e-003
    4.3662862700619793e-003 -3.7540861673560329e-003
    9.9998112766016456e-001 -4.8632458866298134e-003
    -4.3845642222328984e-003 4.8467734553070217e-003
    9.9997864196374420e-001</data></R>
<T type_id="opencv-matrix">
  <rows>3</rows>
  <cols>1</cols>
  <dt>d</dt>
  <data>
    -8.3202632373920139e+001 9.3260647972066035e-001
    4.3731686351975613e-001</data></T>
<E type_id="opencv-matrix">
  <rows>3</rows>
  <cols>3</cols>
  <dt>d</dt>
  <data>
    -2.4473478163147353e-003 -4.3278847799713460e-001
    9.3471334051532029e-001 7.2502293189974476e-002
    4.0491532512668066e-001 8.3202764779698171e+001
    -6.2024109221956625e-001 -8.3204583042043055e+001
    4.0056283278146454e-001</data></E>
<F type_id="opencv-matrix">
  <rows>3</rows>
  <cols>3</cols>
  <dt>d</dt>
  <data>
    5.0984941049471024e-009 9.0125158850858896e-007
    -1.2515229358379409e-003 -1.5112748757044587e-007
    -8.4368448074045597e-007 -9.2199963887161451e-002
    7.3060475042635283e-004 9.3063557402137273e-002
    9.9999999999999989e-001</data></F>
<R1 type_id="opencv-matrix">
  <rows>3</rows>
  <cols>3</cols>
  <dt>d</dt>
  <data>
    9.9997183840453896e-001 -7.4582204655010698e-003
    -8.3507205353404012e-004 7.4561776117432763e-003
    9.9996926609826520e-001 -2.4232775984692864e-003
    8.5311972709013360e-004 2.4169829095561459e-003
    9.9999671518477817e-001</data></R1>
<R2 type_id="opencv-matrix">
  <rows>3</rows>
  <cols>3</cols>
  <dt>d</dt>
  <data>
    9.9992337655057995e-001 -1.1207998997008964e-002
    -5.2556432689298185e-003 1.1220685846933493e-002
    9.9993418820002955e-001 2.3907065634491825e-003
    5.2285023488210410e-003 -2.4494953013099222e-003
    9.9998333122905469e-001</data></R2>
<P1 type_id="opencv-matrix">
  <rows>3</rows>
  <cols>4</cols>
  <dt>d</dt>
  <data>
    4.4621607085360017e+002 0. 3.4063368988037109e+002 0. 0.
    4.4621607085360017e+002 2.4418806838989258e+002 0. 0. 0. 1. 0.</data></P1>
<P2 type_id="opencv-matrix">
  <rows>3</rows>
  <cols>4</cols>
  <dt>d</dt>
  <data>
    4.4621607085360017e+002 0. 3.4063368988037109e+002
    -3.7129196669690231e+004 0. 4.4621607085360017e+002
    2.4418806838989258e+002 0. 0. 0. 1. 0.</data></P2>
<Q type_id="opencv-matrix">
  <rows>4</rows>
  <cols>4</cols>
  <dt>d</dt>
  <data>
    1. 0. 0. -3.4063368988037109e+002 0. 1. 0. -2.4418806838989258e+002
    0. 0. 0. 4.4621607085360017e+002 0. 0. 1.2017929577718573e-002 0.</data></Q>
</opencv_storage>
